/*--------------------------------*- C++ -*----------------------------------*\
| =========                 |                                                 |
| \\      /  F ield         | OpenFOAM: The Open Source CFD Toolbox           |
|  \\    /   O peration     | Version:  v1612+                                |
|   \\  /    A nd           | Web:      www.OpenFOAM.com                      |
|    \\/     M anipulation  |                                                 |
\*---------------------------------------------------------------------------*/
FoamFile
{
    version     2.0;
    format      ascii;
    class       labelList;
    note        "nPoints: 4050 nCells: 1920 nFaces: 7784 nInternalFaces: 3736";
    location    "constant/polyMesh";
    object      neighbour;
}
// * * * * * * * * * * * * * * * * * * * * * * * * * * * * * * * * * * * * * //


3736
(
1
32
2
33
3
34
4
35
5
36
6
37
7
38
8
39
9
40
10
41
11
42
12
43
13
44
14
45
15
46
16
47
17
48
18
49
19
50
20
51
21
52
22
53
23
54
24
55
25
56
26
57
27
58
28
59
29
60
30
61
31
62
63
33
64
34
65
35
66
36
67
37
68
38
69
39
70
40
71
41
72
42
73
43
74
44
75
45
76
46
77
47
78
48
79
49
80
50
81
51
82
52
83
53
84
54
85
55
86
56
87
57
88
58
89
59
90
60
91
61
92
62
93
63
94
95
65
96
66
97
67
98
68
99
69
100
70
101
71
102
72
103
73
104
74
105
75
106
76
107
77
108
78
109
79
110
80
111
81
112
82
113
83
114
84
115
85
116
86
117
87
118
88
119
89
120
90
121
91
122
92
123
93
124
94
125
95
126
127
97
128
98
129
99
130
100
131
101
132
102
133
103
134
104
135
105
136
106
137
107
138
108
139
109
140
110
141
111
142
112
143
113
144
114
145
115
146
116
147
117
148
118
149
119
150
120
151
121
152
122
153
123
154
124
155
125
156
126
157
127
158
159
129
160
130
161
131
162
132
163
133
164
134
165
135
166
136
167
137
168
138
169
139
170
140
171
141
172
142
173
143
174
144
175
145
176
146
177
147
178
148
179
149
180
150
181
151
182
152
183
153
184
154
185
155
186
156
187
157
188
158
189
159
190
191
161
192
162
193
163
194
164
195
165
196
166
197
167
198
168
199
169
200
170
201
171
202
172
203
173
204
174
205
175
206
176
207
177
208
178
209
179
210
180
211
181
212
182
213
183
214
184
215
185
216
186
217
187
218
188
219
189
220
190
221
191
222
223
193
224
194
225
195
226
196
227
197
228
198
229
199
230
200
231
201
232
202
233
203
234
204
235
205
236
206
237
207
238
208
239
209
240
210
241
211
242
212
243
213
244
214
245
215
246
216
247
217
248
218
249
219
250
220
251
221
252
222
253
223
254
255
225
256
226
257
227
258
228
259
229
260
230
261
231
262
232
263
233
264
234
265
235
266
236
267
237
268
238
269
239
270
240
271
241
272
242
273
243
274
244
275
245
276
246
277
247
278
248
279
249
280
250
281
251
282
252
283
253
284
254
285
255
286
287
257
288
258
289
259
290
260
291
261
292
262
293
263
294
264
295
265
296
266
297
267
298
268
299
269
300
270
301
271
302
272
303
273
304
274
305
275
306
276
307
277
308
278
309
279
310
280
311
281
312
282
313
283
314
284
315
285
316
286
317
287
318
319
289
320
290
321
291
322
292
323
293
324
294
325
295
326
296
327
297
328
298
329
299
330
300
331
301
332
302
333
303
334
304
335
305
336
306
337
307
338
308
339
309
340
310
341
311
342
312
343
313
344
314
345
315
346
316
347
317
348
318
349
319
350
351
321
352
322
353
323
354
324
355
325
356
326
357
327
358
328
359
329
360
330
361
331
362
332
363
333
364
334
365
335
366
336
367
337
368
338
369
339
370
340
371
341
372
342
373
343
374
344
375
345
376
346
377
347
378
348
379
349
380
350
381
351
382
383
353
384
354
385
355
386
356
387
357
388
358
389
359
390
360
391
361
392
362
393
363
394
364
395
365
396
366
397
367
398
368
399
369
400
370
401
371
402
372
403
373
404
374
405
375
406
376
407
377
408
378
409
379
410
380
411
381
412
382
413
383
414
415
385
416
386
417
387
418
388
419
389
420
390
421
391
422
392
423
393
424
394
425
395
426
396
427
397
428
398
429
399
430
400
431
401
432
402
433
403
434
404
435
405
436
406
437
407
438
408
439
409
440
410
441
411
442
412
443
413
444
414
445
415
446
447
417
448
418
449
419
450
420
451
421
452
422
453
423
454
424
455
425
456
426
457
427
458
428
459
429
460
430
461
431
462
432
463
433
464
434
465
435
466
436
467
437
468
438
469
439
470
440
471
441
472
442
473
443
474
444
475
445
476
446
477
447
478
479
449
480
450
481
451
482
452
483
453
484
454
485
455
486
456
487
457
488
458
489
459
490
460
491
461
492
462
493
463
494
464
495
465
496
466
497
467
498
468
499
469
500
470
501
471
502
472
503
473
504
474
505
475
506
476
507
477
508
478
509
479
510
511
481
896
482
897
483
898
484
899
485
900
486
901
487
902
488
903
489
904
490
905
491
906
492
907
493
908
494
909
495
910
496
911
497
912
498
913
499
914
500
915
501
916
502
917
503
918
504
919
505
920
506
921
507
922
508
923
509
924
510
925
511
926
927
513
528
514
529
515
530
516
531
517
532
518
533
519
534
520
535
521
536
522
537
523
538
524
539
525
540
526
541
527
542
543
768
529
544
530
545
531
546
532
547
533
548
534
549
535
550
536
551
537
552
538
553
539
554
540
555
541
556
542
557
543
558
559
776
545
560
546
561
547
562
548
563
549
564
550
565
551
566
552
567
553
568
554
569
555
570
556
571
557
572
558
573
559
574
575
784
561
576
562
577
563
578
564
579
565
580
566
581
567
582
568
583
569
584
570
585
571
586
572
587
573
588
574
589
575
590
591
792
577
592
578
593
579
594
580
595
581
596
582
597
583
598
584
599
585
600
586
601
587
602
588
603
589
604
590
605
591
606
607
800
593
608
594
609
595
610
596
611
597
612
598
613
599
614
600
615
601
616
602
617
603
618
604
619
605
620
606
621
607
622
623
808
609
624
610
625
611
626
612
627
613
628
614
629
615
630
616
631
617
632
618
633
619
634
620
635
621
636
622
637
623
638
639
816
625
640
626
641
627
642
628
643
629
644
630
645
631
646
632
647
633
648
634
649
635
650
636
651
637
652
638
653
639
654
655
824
641
656
642
657
643
658
644
659
645
660
646
661
647
662
648
663
649
664
650
665
651
666
652
667
653
668
654
669
655
670
671
832
657
672
658
673
659
674
660
675
661
676
662
677
663
678
664
679
665
680
666
681
667
682
668
683
669
684
670
685
671
686
687
840
673
688
674
689
675
690
676
691
677
692
678
693
679
694
680
695
681
696
682
697
683
698
684
699
685
700
686
701
687
702
703
848
689
704
690
705
691
706
692
707
693
708
694
709
695
710
696
711
697
712
698
713
699
714
700
715
701
716
702
717
703
718
719
856
705
720
706
721
707
722
708
723
709
724
710
725
711
726
712
727
713
728
714
729
715
730
716
731
717
732
718
733
719
734
735
864
721
736
722
737
723
738
724
739
725
740
726
741
727
742
728
743
729
744
730
745
731
746
732
747
733
748
734
749
735
750
751
872
737
752
738
753
739
754
740
755
741
756
742
757
743
758
744
759
745
760
746
761
747
762
748
763
749
764
750
765
751
766
767
880
753
754
755
756
757
758
759
760
761
762
763
764
765
766
767
888
769
776
770
777
771
778
772
779
773
780
774
781
775
782
783
896
777
784
778
785
779
786
780
787
781
788
782
789
783
790
791
928
785
792
786
793
787
794
788
795
789
796
790
797
791
798
799
960
793
800
794
801
795
802
796
803
797
804
798
805
799
806
807
992
801
808
802
809
803
810
804
811
805
812
806
813
807
814
815
1024
809
816
810
817
811
818
812
819
813
820
814
821
815
822
823
1056
817
824
818
825
819
826
820
827
821
828
822
829
823
830
831
1088
825
832
826
833
827
834
828
835
829
836
830
837
831
838
839
1120
833
840
834
841
835
842
836
843
837
844
838
845
839
846
847
1152
841
848
842
849
843
850
844
851
845
852
846
853
847
854
855
1184
849
856
850
857
851
858
852
859
853
860
854
861
855
862
863
1216
857
864
858
865
859
866
860
867
861
868
862
869
863
870
871
1248
865
872
866
873
867
874
868
875
869
876
870
877
871
878
879
1280
873
880
874
881
875
882
876
883
877
884
878
885
879
886
887
1312
881
888
882
889
883
890
884
891
885
892
886
893
887
894
895
1344
889
890
891
892
893
894
895
1376
897
928
898
929
899
930
900
931
901
932
902
933
903
934
904
935
905
936
906
937
907
938
908
939
909
940
910
941
911
942
912
943
913
944
914
945
915
946
916
947
917
948
918
949
919
950
920
951
921
952
922
953
923
954
924
955
925
956
926
957
927
958
959
929
960
930
961
931
962
932
963
933
964
934
965
935
966
936
967
937
968
938
969
939
970
940
971
941
972
942
973
943
974
944
975
945
976
946
977
947
978
948
979
949
980
950
981
951
982
952
983
953
984
954
985
955
986
956
987
957
988
958
989
959
990
991
961
992
962
993
963
994
964
995
965
996
966
997
967
998
968
999
969
1000
970
1001
971
1002
972
1003
973
1004
974
1005
975
1006
976
1007
977
1008
978
1009
979
1010
980
1011
981
1012
982
1013
983
1014
984
1015
985
1016
986
1017
987
1018
988
1019
989
1020
990
1021
991
1022
1023
993
1024
994
1025
995
1026
996
1027
997
1028
998
1029
999
1030
1000
1031
1001
1032
1002
1033
1003
1034
1004
1035
1005
1036
1006
1037
1007
1038
1008
1039
1009
1040
1010
1041
1011
1042
1012
1043
1013
1044
1014
1045
1015
1046
1016
1047
1017
1048
1018
1049
1019
1050
1020
1051
1021
1052
1022
1053
1023
1054
1055
1025
1056
1026
1057
1027
1058
1028
1059
1029
1060
1030
1061
1031
1062
1032
1063
1033
1064
1034
1065
1035
1066
1036
1067
1037
1068
1038
1069
1039
1070
1040
1071
1041
1072
1042
1073
1043
1074
1044
1075
1045
1076
1046
1077
1047
1078
1048
1079
1049
1080
1050
1081
1051
1082
1052
1083
1053
1084
1054
1085
1055
1086
1087
1057
1088
1058
1089
1059
1090
1060
1091
1061
1092
1062
1093
1063
1094
1064
1095
1065
1096
1066
1097
1067
1098
1068
1099
1069
1100
1070
1101
1071
1102
1072
1103
1073
1104
1074
1105
1075
1106
1076
1107
1077
1108
1078
1109
1079
1110
1080
1111
1081
1112
1082
1113
1083
1114
1084
1115
1085
1116
1086
1117
1087
1118
1119
1089
1120
1090
1121
1091
1122
1092
1123
1093
1124
1094
1125
1095
1126
1096
1127
1097
1128
1098
1129
1099
1130
1100
1131
1101
1132
1102
1133
1103
1134
1104
1135
1105
1136
1106
1137
1107
1138
1108
1139
1109
1140
1110
1141
1111
1142
1112
1143
1113
1144
1114
1145
1115
1146
1116
1147
1117
1148
1118
1149
1119
1150
1151
1121
1152
1122
1153
1123
1154
1124
1155
1125
1156
1126
1157
1127
1158
1128
1159
1129
1160
1130
1161
1131
1162
1132
1163
1133
1164
1134
1165
1135
1166
1136
1167
1137
1168
1138
1169
1139
1170
1140
1171
1141
1172
1142
1173
1143
1174
1144
1175
1145
1176
1146
1177
1147
1178
1148
1179
1149
1180
1150
1181
1151
1182
1183
1153
1184
1154
1185
1155
1186
1156
1187
1157
1188
1158
1189
1159
1190
1160
1191
1161
1192
1162
1193
1163
1194
1164
1195
1165
1196
1166
1197
1167
1198
1168
1199
1169
1200
1170
1201
1171
1202
1172
1203
1173
1204
1174
1205
1175
1206
1176
1207
1177
1208
1178
1209
1179
1210
1180
1211
1181
1212
1182
1213
1183
1214
1215
1185
1216
1186
1217
1187
1218
1188
1219
1189
1220
1190
1221
1191
1222
1192
1223
1193
1224
1194
1225
1195
1226
1196
1227
1197
1228
1198
1229
1199
1230
1200
1231
1201
1232
1202
1233
1203
1234
1204
1235
1205
1236
1206
1237
1207
1238
1208
1239
1209
1240
1210
1241
1211
1242
1212
1243
1213
1244
1214
1245
1215
1246
1247
1217
1248
1218
1249
1219
1250
1220
1251
1221
1252
1222
1253
1223
1254
1224
1255
1225
1256
1226
1257
1227
1258
1228
1259
1229
1260
1230
1261
1231
1262
1232
1263
1233
1264
1234
1265
1235
1266
1236
1267
1237
1268
1238
1269
1239
1270
1240
1271
1241
1272
1242
1273
1243
1274
1244
1275
1245
1276
1246
1277
1247
1278
1279
1249
1280
1250
1281
1251
1282
1252
1283
1253
1284
1254
1285
1255
1286
1256
1287
1257
1288
1258
1289
1259
1290
1260
1291
1261
1292
1262
1293
1263
1294
1264
1295
1265
1296
1266
1297
1267
1298
1268
1299
1269
1300
1270
1301
1271
1302
1272
1303
1273
1304
1274
1305
1275
1306
1276
1307
1277
1308
1278
1309
1279
1310
1311
1281
1312
1282
1313
1283
1314
1284
1315
1285
1316
1286
1317
1287
1318
1288
1319
1289
1320
1290
1321
1291
1322
1292
1323
1293
1324
1294
1325
1295
1326
1296
1327
1297
1328
1298
1329
1299
1330
1300
1331
1301
1332
1302
1333
1303
1334
1304
1335
1305
1336
1306
1337
1307
1338
1308
1339
1309
1340
1310
1341
1311
1342
1343
1313
1344
1314
1345
1315
1346
1316
1347
1317
1348
1318
1349
1319
1350
1320
1351
1321
1352
1322
1353
1323
1354
1324
1355
1325
1356
1326
1357
1327
1358
1328
1359
1329
1360
1330
1361
1331
1362
1332
1363
1333
1364
1334
1365
1335
1366
1336
1367
1337
1368
1338
1369
1339
1370
1340
1371
1341
1372
1342
1373
1343
1374
1375
1345
1376
1346
1377
1347
1378
1348
1379
1349
1380
1350
1381
1351
1382
1352
1383
1353
1384
1354
1385
1355
1386
1356
1387
1357
1388
1358
1389
1359
1390
1360
1391
1361
1392
1362
1393
1363
1394
1364
1395
1365
1396
1366
1397
1367
1398
1368
1399
1369
1400
1370
1401
1371
1402
1372
1403
1373
1404
1374
1405
1375
1406
1407
1377
1408
1378
1409
1379
1410
1380
1411
1381
1412
1382
1413
1383
1414
1384
1415
1385
1416
1386
1417
1387
1418
1388
1419
1389
1420
1390
1421
1391
1422
1392
1423
1393
1424
1394
1425
1395
1426
1396
1427
1397
1428
1398
1429
1399
1430
1400
1431
1401
1432
1402
1433
1403
1434
1404
1435
1405
1436
1406
1437
1407
1438
1439
1409
1440
1410
1441
1411
1442
1412
1443
1413
1444
1414
1445
1415
1446
1416
1447
1417
1448
1418
1449
1419
1450
1420
1451
1421
1452
1422
1453
1423
1454
1424
1455
1425
1456
1426
1457
1427
1458
1428
1459
1429
1460
1430
1461
1431
1462
1432
1463
1433
1464
1434
1465
1435
1466
1436
1467
1437
1468
1438
1469
1439
1470
1471
1441
1472
1442
1473
1443
1474
1444
1475
1445
1476
1446
1477
1447
1478
1448
1479
1449
1480
1450
1481
1451
1482
1452
1483
1453
1484
1454
1485
1455
1486
1456
1487
1457
1488
1458
1489
1459
1490
1460
1491
1461
1492
1462
1493
1463
1494
1464
1495
1465
1496
1466
1497
1467
1498
1468
1499
1469
1500
1470
1501
1471
1502
1503
1473
1504
1474
1505
1475
1506
1476
1507
1477
1508
1478
1509
1479
1510
1480
1511
1481
1512
1482
1513
1483
1514
1484
1515
1485
1516
1486
1517
1487
1518
1488
1519
1489
1520
1490
1521
1491
1522
1492
1523
1493
1524
1494
1525
1495
1526
1496
1527
1497
1528
1498
1529
1499
1530
1500
1531
1501
1532
1502
1533
1503
1534
1535
1505
1536
1506
1537
1507
1538
1508
1539
1509
1540
1510
1541
1511
1542
1512
1543
1513
1544
1514
1545
1515
1546
1516
1547
1517
1548
1518
1549
1519
1550
1520
1551
1521
1552
1522
1553
1523
1554
1524
1555
1525
1556
1526
1557
1527
1558
1528
1559
1529
1560
1530
1561
1531
1562
1532
1563
1533
1564
1534
1565
1535
1566
1567
1537
1568
1538
1569
1539
1570
1540
1571
1541
1572
1542
1573
1543
1574
1544
1575
1545
1576
1546
1577
1547
1578
1548
1579
1549
1580
1550
1581
1551
1582
1552
1583
1553
1584
1554
1585
1555
1586
1556
1587
1557
1588
1558
1589
1559
1590
1560
1591
1561
1592
1562
1593
1563
1594
1564
1595
1565
1596
1566
1597
1567
1598
1599
1569
1600
1570
1601
1571
1602
1572
1603
1573
1604
1574
1605
1575
1606
1576
1607
1577
1608
1578
1609
1579
1610
1580
1611
1581
1612
1582
1613
1583
1614
1584
1615
1585
1616
1586
1617
1587
1618
1588
1619
1589
1620
1590
1621
1591
1622
1592
1623
1593
1624
1594
1625
1595
1626
1596
1627
1597
1628
1598
1629
1599
1630
1631
1601
1632
1602
1633
1603
1634
1604
1635
1605
1636
1606
1637
1607
1638
1608
1639
1609
1640
1610
1641
1611
1642
1612
1643
1613
1644
1614
1645
1615
1646
1616
1647
1617
1648
1618
1649
1619
1650
1620
1651
1621
1652
1622
1653
1623
1654
1624
1655
1625
1656
1626
1657
1627
1658
1628
1659
1629
1660
1630
1661
1631
1662
1663
1633
1664
1634
1665
1635
1666
1636
1667
1637
1668
1638
1669
1639
1670
1640
1671
1641
1672
1642
1673
1643
1674
1644
1675
1645
1676
1646
1677
1647
1678
1648
1679
1649
1680
1650
1681
1651
1682
1652
1683
1653
1684
1654
1685
1655
1686
1656
1687
1657
1688
1658
1689
1659
1690
1660
1691
1661
1692
1662
1693
1663
1694
1695
1665
1696
1666
1697
1667
1698
1668
1699
1669
1700
1670
1701
1671
1702
1672
1703
1673
1704
1674
1705
1675
1706
1676
1707
1677
1708
1678
1709
1679
1710
1680
1711
1681
1712
1682
1713
1683
1714
1684
1715
1685
1716
1686
1717
1687
1718
1688
1719
1689
1720
1690
1721
1691
1722
1692
1723
1693
1724
1694
1725
1695
1726
1727
1697
1728
1698
1729
1699
1730
1700
1731
1701
1732
1702
1733
1703
1734
1704
1735
1705
1736
1706
1737
1707
1738
1708
1739
1709
1740
1710
1741
1711
1742
1712
1743
1713
1744
1714
1745
1715
1746
1716
1747
1717
1748
1718
1749
1719
1750
1720
1751
1721
1752
1722
1753
1723
1754
1724
1755
1725
1756
1726
1757
1727
1758
1759
1729
1760
1730
1761
1731
1762
1732
1763
1733
1764
1734
1765
1735
1766
1736
1767
1737
1768
1738
1769
1739
1770
1740
1771
1741
1772
1742
1773
1743
1774
1744
1775
1745
1776
1746
1777
1747
1778
1748
1779
1749
1780
1750
1781
1751
1782
1752
1783
1753
1784
1754
1785
1755
1786
1756
1787
1757
1788
1758
1789
1759
1790
1791
1761
1792
1762
1793
1763
1794
1764
1795
1765
1796
1766
1797
1767
1798
1768
1799
1769
1800
1770
1801
1771
1802
1772
1803
1773
1804
1774
1805
1775
1806
1776
1807
1777
1808
1778
1809
1779
1810
1780
1811
1781
1812
1782
1813
1783
1814
1784
1815
1785
1816
1786
1817
1787
1818
1788
1819
1789
1820
1790
1821
1791
1822
1823
1793
1824
1794
1825
1795
1826
1796
1827
1797
1828
1798
1829
1799
1830
1800
1831
1801
1832
1802
1833
1803
1834
1804
1835
1805
1836
1806
1837
1807
1838
1808
1839
1809
1840
1810
1841
1811
1842
1812
1843
1813
1844
1814
1845
1815
1846
1816
1847
1817
1848
1818
1849
1819
1850
1820
1851
1821
1852
1822
1853
1823
1854
1855
1825
1856
1826
1857
1827
1858
1828
1859
1829
1860
1830
1861
1831
1862
1832
1863
1833
1864
1834
1865
1835
1866
1836
1867
1837
1868
1838
1869
1839
1870
1840
1871
1841
1872
1842
1873
1843
1874
1844
1875
1845
1876
1846
1877
1847
1878
1848
1879
1849
1880
1850
1881
1851
1882
1852
1883
1853
1884
1854
1885
1855
1886
1887
1857
1888
1858
1889
1859
1890
1860
1891
1861
1892
1862
1893
1863
1894
1864
1895
1865
1896
1866
1897
1867
1898
1868
1899
1869
1900
1870
1901
1871
1902
1872
1903
1873
1904
1874
1905
1875
1906
1876
1907
1877
1908
1878
1909
1879
1910
1880
1911
1881
1912
1882
1913
1883
1914
1884
1915
1885
1916
1886
1917
1887
1918
1919
1889
1890
1891
1892
1893
1894
1895
1896
1897
1898
1899
1900
1901
1902
1903
1904
1905
1906
1907
1908
1909
1910
1911
1912
1913
1914
1915
1916
1917
1918
1919
)


// ************************************************************************* //
